A 5
W 550
H 497,09622
E 100
Ml Земля 0
Ml Грунт 1
Ml Грязь 2
Ml Суглинки 1
Ml Сухие пески 12
Ml Полностью водонасыщенные пески 12
Ml Пески, полностью насыщенные нефтепродуктами 13
Ml Пески, частично насыщенные нефтепродуктами 11
Ml Соль 3,123
Mm Земля 0
Mm Грунт 1
Mm Грязь 2
Mm Суглинки 1
Mm Сухие пески 12
Mm Полностью водонасыщенные пески 12
Mm Пески, полностью насыщенные нефтепродуктами 13
Mm Пески, частично насыщенные нефтепродуктами 11
L 137 142 55 Сухие пески 12 P 0 -40,63574 22,68041 -22,68041 104,89691 -34,96563 218,29897 -73,71134 334,53608 -63,31615 434,7079 -85,05154 480,06873 -55,75601 550 -66,1512 
L 17 137 222 Суглинки 1 P 0 -150,25773 103,95189 -138,91752 277,83505 -133,24742 412,97251 -119,07216 550 -120,01718 
L 77 199 193 Сухие пески 12 P 0 -204,12371 70,87629 -172,93814 164,43299 -187,1134 277,83505 -174,82818 421,47766 -146,47766 497,07904 -154,0378 550 -157,81787 
L 135 23 123 Полностью водонасыщенные пески 12 P 0 -308,0756 188,05842 -325,08591 378,00687 -325,08591 550 -308,0756 
L 186 210 189 Земля 0 P 0 -342,09622 275 -342,09622 550 -342,09622 
M 222 168 208 Пески, полностью насыщенные нефтепродуктами 13 P 124,56309 -318,96863 172,53828 -321,41784 219,93706 -323,29076 273,24271 -324,44335 332,31139 -323,72301 370,48971 -322,28231 429,45629 -319,2684 450,87586 -316,59041 485,24319 -314,26599 518,39407 -310,19234 535,30495 -311,76525 509,36426 -273,10996 330,75601 -239,08935 243,81443 -275 154,51426 -288,48066 122,97839 -314,9346 
