A 10
W 5820
H 5210
E 1000
Ml Земля 0
Ml Грунт 1
Ml Грязь 2
Mm Земля 0
Mm Грунт 1
Mm Грязь 2
L 255 0 0 Земля 0 P 0 -210 2950 -70 5820 50 
L 59 124 164 Земля 0 P 0 -1170,1430842599 5520 -1160 140 -630 5680 -560 2760 -300 5820 -190 
L 124 230 156 Земля 0 P 0 -1440 3031,573926868 -1542,877583465 5820 -1440 
L 62 210 96 Земля 0 P 0 -1941 1913,3704292528 -1683,6883942758 5820 -1811 
L 96 72 105 Земля 0 P 0 -2160,7710843374 2330 -2130,7710843374 140 -2430 5480 -2360 410 -2780 5820 -2780,7710843374 
L 175 88 100 Земля 0 P 0 -3040,7710843374 3420 -2950,7710843374 5820 -3120,7710843374 
M 141 38 135 Земля 0 P 1390 -1070 2540 -810 3390 -2430,7710843374 2400 -2180,7710843374 1340 -2550,7710843374 
M 20 63 137 Земля 0 P 4030 -670 5010 -690,7710843374 5450 -1850,7710843374 5080 -1890,7710843374 4210 -1880 4190 -1400 5028,8231079361 -1298,4647694182 
,7710843374 3595,8004554382 -2161,5352305811 5028,8231079361 -1298,4647694182 
