A 10
W 58200
H 52820
E 5000
Ml Земля 0
Ml Грунт 1
Ml Грязь 2
Mm Земля 0
Mm Грунт 1
Mm Грязь 2
L 73 170 141 Земля 0 0 -1760 4900 840 21600 -3760 32600 1940 58200 0 
L 62 111 183 Земля 0 0 -11400 11800 -16860 20100 -21860 29100 -11400 47100 -7660 58200 -11400 
L 179 238 168 Земля 0 0 -25600 19500 -29760 29100 -25600 29400 -15360 44000 -20160 58200 -25600 
L 79 242 106 Земля 0 0 -34900 17100 -34860 30300 -39060 34500 -27160 45100 -34660 58200 -34900 
L 102 107 36 Земля 0 0 -42000 17500 -37760 27900 -44460 44200 -37360 58200 -42000 
M 104 185 168 Земля 0 11900 -9060 18900 -13160 26900 -11060 30100 -5660 30600 -13560 33200 -15960 30400 -18160 22500 -15460 16100 -15560 10600 -20960 11700 -17560 
M 81 1 125 Земля 0 39600 -23360 37200 -20060 44600 -21560 42500 -19960 45800 -14960 48200 -18560 53200 -16160 51500 -20760 54400 -26660 45900 -24360 40900 -27460 
M 148 235 37 Земля 0 39400 -12560 44700 -10560 47300 -5060 54800 -7060 48400 -7860 48600 -9160 47100 -10660 49800 -12860 43300 -12860 
