A 5
W 10000
H 8951,89003
E 1000
Ml Земля 0
Ml Грунт 1
Ml Грязь 2
Mm Земля 0
Mm Грунт 1
Mm Грязь 2
L 33 72 183 Земля 0 P 0 690,72165 532,64605 587,62887 945,01718 -13,7457 1529,20962 450,17182 2800,68729 725,08591 4209,62199 673,53952 5876,28866 536,08248 7353,95189 72,16495 7474,2268 -1147,76632 7784,40548 -2023,30768 8436,42612 -1164,94845 8831,61512 -30,92783 10000 0 
L 0 0 0 Земля 0 P 0 -203,28261 2594,50172 -391,75258 4089,34708 -426,11684 5618,5567 -494,84536 6649,48454 -632,30241 7200,06474 -642,89591 7390,03274 -667,8412 7432,24785 -740,75821 7463,96913 -1044,12093 7477,87432 -1222,3961 7531,73827 -1566,50541 7613,85095 -1837,72374 7786,56474 -2027,416 8091,96338 -1845,23237 8234,72836 -1623,72712 8436,32781 -1171,43027 8633,51495 -821,98006 8931,94273 -821,98006 9432,98969 -890,03436 10000 -993,12715 
L 34 152 157 Земля 0 P 0 -769,75945 2628,86598 -958,76289 4123,71134 -1027,49141 5532,64605 -1079,0378 6820,87011 -1133,04654 7396,53526 -1249,63695 7440,25667 -1307,93216 7536,03677 -1620,59429 7579,287 -1766,07235 7627,77969 -1874,85324 7724,76487 -1999,36124 7802,79769 -2035,09543 7961,95046 -1974,77527 8016,70269 -1930,69509 8077,48683 -1865,73487 8124,81502 -1807,73463 8170,75093 -1738,13503 8217,61512 -1661,11071 8251,48726 -1600,32646 8402,06186 -1388,31615 8625,42955 -1233,67697 8883,16151 -1216,49484 9415,80756 -1268,04123 10000 -1491,40893 
L 133 168 165 Земля 0 P 0 -2024,05498 10000 -2608,24742 
L 96 19 190 Земля 0 P 0 -3209,62199 10000 -3845,36082 
L 89 227 169 Земля 0 P 0 -4429,55326 10000 -5030,92784 
